PDB   4523998.40    468045.240    4460309.760   1500
PV    5088967.9000 -301681.6000   3825015.8000  1400
SMT   -1828796.200 -5054406.800   3427865.200   5000
SMA   -5464523.400 -2493147.080   2150611.750   4900
LMT   -768713.9637 -5988541.7982  2063275.9472  600 
ALMA  2225061.164  -5440057.37   -2481681.15    90
SPT   0.01          0.01         -6359609.7     5000
APEX  2225039.53   -5441197.63   -2479303.36    3500
JCMT  -5464584.68  -2493001.17    2150653.98    6000
CARMA -2397431.300 -4482018.900   3843524.500   10000
KP    -1995678.840  -5037317.697  3357328.025   10000
GLT    1500692.0     -1191735.0    6066409.0    10000
